      0/69     14.2G      5.42      3.77      2.49      11.7        47       512    0.0992     0.326      0.12     0.145      5.04      1.94      1.55
      1/69     14.2G      4.05      1.99      1.15      7.19        88       512     0.335     0.594     0.395     0.427      3.65      1.42      1.18
      2/69     14.2G      3.39      1.67     0.863      5.92        63       512     0.463     0.606     0.495      0.52      3.31      1.38      1.12
      3/69     14.2G      3.04      1.61     0.807      5.46        41       512     0.471     0.632     0.504     0.539      3.07      1.31      1.09
      4/69     14.2G      2.82      1.49     0.678      4.99        41       512     0.537     0.643     0.528     0.576      2.94      1.23      1.16
      5/69     14.2G      2.69      1.45     0.639      4.78        67       512     0.562     0.627     0.542      0.59      2.83      1.18      1.11
      6/69     14.2G      2.64      1.36     0.554      4.55        33       512     0.539     0.638     0.542     0.583      2.84      1.16       1.1
      7/69     14.2G      2.56      1.35     0.518      4.42        40       512      0.52     0.644     0.535      0.57      2.85      1.16      1.16
      8/69     14.2G      2.52      1.35     0.489      4.37        70       512     0.525     0.661     0.539     0.582       2.8      1.17      1.18
      9/69     14.2G      2.46      1.33     0.479      4.27        44       512     0.557     0.657     0.558     0.603      2.77      1.17       1.2
     10/69     14.2G      2.44      1.28     0.404      4.13        62       512     0.519     0.661      0.54     0.581      2.71      1.16      1.26
     11/69     14.2G      2.36      1.27     0.396      4.03        66       512     0.488     0.694      0.55     0.572      2.75      1.16      1.21
     12/69     14.2G      2.33      1.25     0.366      3.95        29       512     0.561     0.662     0.554     0.601       2.8      1.19      1.21
     13/69     14.2G      2.32      1.24     0.359      3.92        54       512     0.557     0.658     0.554     0.602       2.7      1.18      1.23
     14/69     14.2G      2.27      1.22     0.318      3.81        55       512     0.549     0.643     0.545     0.592      2.75      1.17      1.32
     15/69     14.2G      2.26      1.22     0.317      3.81        43       512     0.549     0.658     0.543     0.595      2.72      1.21      1.32
     16/69     14.2G      2.24       1.2     0.306      3.74        74       512     0.564     0.649     0.539     0.604      2.77      1.21       1.4
     17/69     14.2G      2.19      1.17     0.291      3.65        47       512     0.559     0.658     0.542     0.601      2.77      1.23      1.32
     18/69     14.2G      2.17      1.15     0.267      3.59        30       512     0.543     0.664     0.544     0.596      2.75      1.22      1.34
     19/69     14.2G      2.15      1.15     0.245      3.54        38       512     0.554     0.663      0.54     0.602      2.79      1.21       1.3
     20/69     14.2G       2.1      1.13     0.255      3.48        38       512     0.566     0.682     0.562     0.617      2.73      1.19      1.29
     21/69     14.2G      2.06      1.12     0.232      3.42        39       512     0.556     0.662     0.544     0.603      2.74      1.25      1.41
     22/69     14.2G      2.06      1.12     0.208      3.39        25       512     0.552     0.667     0.547     0.602      2.71      1.24       1.4
     23/69     14.2G      2.03       1.1     0.203      3.34        31       512     0.561     0.659     0.557     0.606      2.74      1.26      1.34
     24/69     14.2G         2      1.09     0.201      3.29        27       512     0.564     0.681     0.567     0.615      2.71      1.23      1.31
     25/69     14.2G      1.98      1.06      0.19      3.23        32       512     0.564      0.68      0.56     0.616      2.74      1.25      1.39
     26/69     14.2G      1.97      1.06     0.188      3.21        48       512     0.557     0.668     0.543     0.606      2.71      1.25      1.41
     27/69     14.2G      1.94      1.06     0.179      3.17        76       512      0.57     0.667      0.55     0.612      2.73      1.29      1.41
     28/69     14.2G      1.89      1.04     0.175       3.1        31       512     0.576      0.66     0.544     0.612      2.74      1.28      1.42
     29/69     14.2G      1.86      1.03     0.148      3.04        36       512     0.576     0.665     0.548     0.615      2.75      1.33       1.4
     30/69     14.2G      1.84      1.01     0.148         3        53       512     0.564     0.664      0.55     0.609      2.71      1.28       1.4
     31/69     14.2G      1.83     0.998     0.148      2.97        38       512     0.582     0.656     0.558     0.616      2.71       1.3      1.38
     32/69     14.2G      1.78     0.996     0.144      2.92        72       512     0.569     0.675     0.561     0.616      2.73      1.27      1.41
     33/69     14.2G      1.76     0.983     0.138      2.88        30       512     0.595     0.655     0.561     0.623      2.72      1.33      1.53
     34/69     14.2G      1.75     0.984     0.123      2.86        63       512     0.564     0.679     0.556     0.615      2.71      1.32      1.43
     35/69     14.2G      1.73     0.953     0.134      2.82        40       512     0.573     0.664     0.554     0.614       2.7      1.34      1.42
     36/69     14.2G       1.7     0.923     0.121      2.74        38       512     0.585     0.661     0.543      0.62      2.71      1.33      1.58
     37/69     14.2G      1.65      0.92     0.128       2.7        57       512     0.575     0.659     0.552     0.614      2.73       1.4      1.42
     38/69     14.2G      1.64     0.923     0.106      2.67        42       512     0.587     0.662     0.548      0.62      2.73      1.41      1.47
     39/69     14.2G      1.64     0.915     0.121      2.67        74       512      0.59     0.655     0.555     0.619      2.71      1.42      1.51
     40/69     14.2G       1.6     0.878     0.101      2.58        34       512      0.57     0.666     0.545     0.613      2.71      1.36      1.57
     41/69     14.2G      1.56     0.882     0.102      2.55        59       512     0.583     0.664     0.558      0.62      2.69      1.42      1.51
     42/69     14.2G      1.57     0.885     0.104      2.56        28       512     0.603     0.647     0.556     0.623      2.75      1.44      1.49
     43/69     14.2G      1.53     0.861    0.0988      2.49        41       512     0.597      0.66     0.548     0.626       2.7      1.41      1.55
     44/69     14.2G      1.51     0.846    0.0919      2.45        45       512     0.606     0.662     0.566     0.632       2.7      1.43      1.49
     45/69     14.2G       1.5      0.84    0.0889      2.43        46       512     0.613     0.654     0.555     0.632      2.69      1.51      1.52
     46/69     14.2G      1.46     0.823     0.072      2.36        35       512     0.598     0.649     0.548     0.622      2.73      1.48      1.54
     47/69     14.2G      1.45     0.825    0.0801      2.36        40       512     0.615     0.651     0.551     0.631      2.71       1.5      1.56
     48/69     14.2G      1.44     0.814    0.0687      2.32        38       512     0.607     0.665     0.558     0.633      2.69      1.48      1.58
     49/69     14.2G      1.42     0.812    0.0748       2.3        38       512      0.62     0.641     0.554     0.629      2.71      1.56       1.6
     50/69     14.2G       1.4     0.791    0.0678      2.26        42       512     0.593     0.653     0.549     0.621      2.72      1.48      1.69
     51/69     14.2G      1.38     0.782    0.0595      2.22        50       512     0.601     0.656     0.549     0.626      2.73      1.52       1.7
     52/69     14.2G      1.35     0.777    0.0707       2.2        47       512     0.601     0.646     0.547     0.621      2.72      1.54       1.7
     53/69     14.2G      1.33     0.775    0.0664      2.18        86       512       0.6     0.655      0.55     0.625       2.7      1.53      1.75
     54/69     14.2G      1.34     0.772    0.0597      2.17        38       512     0.608     0.658     0.549     0.631      2.71      1.52      1.72
     55/69     14.2G      1.31      0.75    0.0586      2.12        41       512     0.613     0.645     0.551     0.628      2.71      1.56      1.77
     56/69     14.2G       1.3     0.746    0.0525       2.1        37       512     0.609     0.649     0.547     0.627      2.71      1.54      1.79
     57/69     14.2G      1.29     0.747    0.0536      2.09        45       512     0.609     0.649      0.55     0.627      2.71      1.55      1.79
     58/69     14.2G      1.27     0.732    0.0579      2.06        37       512     0.607     0.647     0.545     0.625       2.7      1.54      1.77
     59/69     14.2G      1.25     0.715    0.0533      2.02        30       512      0.61     0.641     0.547     0.624      2.72      1.59      1.79
     60/69     14.2G      1.26     0.722    0.0564      2.04        41       512     0.619     0.641     0.546     0.629      2.72      1.59      1.78
     61/69     14.2G      1.24     0.723    0.0602      2.02        61       512     0.606     0.649     0.545     0.626      2.71      1.54      1.79
     62/69     14.2G      1.24     0.723    0.0504      2.01        44       512     0.614     0.638     0.546     0.624      2.71      1.58       1.8
     63/69     14.2G      1.22     0.718    0.0509      1.99        47       512     0.609     0.641     0.545     0.624      2.72      1.56       1.8
     64/69     14.2G      1.21     0.696    0.0476      1.96        37       512     0.613     0.646     0.545     0.628      2.71      1.56      1.82
     65/69     14.2G      1.21     0.716    0.0507      1.98        59       512     0.614     0.637     0.544     0.624      2.72       1.6      1.83
     66/69     14.2G      1.21     0.693    0.0465      1.95        35       512     0.606     0.637     0.542      0.62      2.72      1.59      1.88
     67/69     14.2G      1.21     0.714    0.0455      1.97        81       512      0.62     0.632     0.545     0.624      2.72      1.61      1.85
     68/69     14.2G      1.19     0.684    0.0614      1.94        41       512     0.617     0.633      0.54     0.624      2.72      1.64      1.85
     69/69     14.2G      1.18     0.696    0.0455      1.92        34       512     0.616     0.635     0.538     0.625      2.72      1.62      1.86
